`PC90.df` <-
structure(list(SUBJID = c(54, 80, 96, 98, 101, 140, 150, 162, 
176, 182, 183, 185, 187, 197, 203, 218, 224, 262, 264, 280, 285, 
288, 294, 295, 449, 453, 462, 469, 477, 490, 500, 502, 504, 505, 
509, 511, 519, 521, 523, 525, 526, 530, 532), CENTREID = structure(c(1L, 
1L, 1L, 1L, 1L, 1L, 1L, 1L, 1L, 1L, 1L, 1L, 1L, 1L, 1L, 1L, 1L, 
1L, 1L, 1L, 1L, 1L, 1L, 1L, 2L, 2L, 2L, 2L, 2L, 2L, 2L, 2L, 2L, 
2L, 2L, 2L, 2L, 2L, 2L, 2L, 2L, 2L, 2L), .Label = c("001", "002"
), class = "factor"), SEX = structure(c(2L, 2L, 1L, 2L, 1L, 2L, 
1L, 2L, 2L, 1L, 2L, 2L, 2L, 1L, 1L, 2L, 2L, 2L, 1L, 1L, 1L, 1L, 
2L, 2L, 2L, 1L, 1L, 2L, 1L, 1L, 2L, 1L, 1L, 1L, 2L, 2L, 2L, 1L, 
1L, 1L, 1L, 2L, 2L), .Label = c("F", "M"), class = "factor"), 
    trt = structure(c(1L, 1L, 1L, 1L, 1L, 2L, 1L, 1L, 2L, 2L, 
    1L, 2L, 1L, 2L, 2L, 2L, 1L, 2L, 2L, 2L, 1L, 2L, 2L, 1L, 1L, 
    1L, 1L, 1L, 1L, 1L, 2L, 2L, 1L, 2L, 1L, 2L, 2L, 1L, 2L, 2L, 
    1L, 1L, 2L), .Label = c("A", "B"), class = "factor"), PC90cubic = c(3.81553671499908, 
    27.8699441145318, 21.1345789014225, 34.2504541545445, 23.20443, 
    9.49115141948501, 22.5259383837683, 9.79332441530068, 5.31574296978428, 
    4.18220739383014, 4.95242780358216, 7.70373558490558, 0.825119547565968, 
    8.6402746088089, 9.44144736389804, 23.5426295062677, 28.8552193863584, 
    9.39528727451615, 0.876197515871825, 8.6084028785902, 47.2420517618275, 
    12.8575952048384, 8.10961724246015, 4.66695917082036, 4.49657437854416, 
    20.06983, 2.21965376217663, 2.14892735870052, 24.0280872917521, 
    28.7309483566519, 19.3450031150468, 15.3908399511140, 5.0435867627101, 
    8.366191, 20.5776976956944, 9.986611801688, 15.6038616322369, 
    22.2128587542947, 5.89557307789457, 6.262056, 23.71152, 29.0689605866664, 
    8.9362059151079), PC90lin = c(3.97488404858300, 29.7258564949727, 
    20.1467933491686, 36.6342454465753, 23.8701395706215, 10.8987866874329, 
    23.2380397595987, 9.10392278606965, 5.5472726550502, 3.85986297045515, 
    4.50278876404494, 8.32953524752475, 1.92786036969781, 9.8708720461095, 
    11.2666408901061, 23.7647542585857, 30.0200295795479, 10.7398604972376, 
    0.962002061780135, 9.92127626638328, 46.758205132336, 9.66989836065573, 
    7.92603095695402, 5.10682511656823, 5.41901586748038, 22.72623, 
    2.67263088137840, 2.25861062572963, 26.0952547984791, 24.1039312145092, 
    18.0260942638005, 16.1019582478561, 5.18064803641092, 10.2977174668745, 
    11.7859897399004, 10.5463743342004, 16.5370717801418, 23.3404154285015, 
    5.93167130977131, 6.91452223614458, 24.4572638163816, 29.5343776116373, 
    8.33359717868338), PC90loglin = c(3.84939838101203, 27.3207853976636, 
    19.7581095887811, 36.2990543054533, 22.4488260391147, 9.4635852012821, 
    21.7489569749496, 8.8377328895354, 5.05189548862378, 3.65067928669646, 
    4.34822762142558, 8.09472974535823, 1.53374174201428, 8.14627309205917, 
    9.68801447507588, 22.7690445527621, 30.0082894076375, 9.3987436720565, 
    0.848338094697567, 9.03563447024281, 46.5244861074564, 9.3808537680319, 
    7.73147799526798, 4.83004973238203, 4.82143793272177, 21.96729, 
    2.49194204513601, 2.20632581394318, 25.0825533862962, 24.1689370349229, 
    17.1482155013120, 14.7739729251161, 5.00052742901062, 8.7440015967581, 
    11.5896626887494, 9.51115284496183, 14.6803666028175, 21.6411236716344, 
    5.8352771798402, 6.10906211200397, 24.4176481224920, 28.0860515882025, 
    8.07879526977158), PC90logit = c(4.13708105378095, 28.5035778552888, 
    22.9462543649324, 33.5050184265063, NA, 10.1557897333796, 
    23.1176123879769, NA, 5.65578198435269, 4.29328025076179, 
    NA, 8.13208873987058, 3.05313258192776, 8.3527472422883, 
    10.2954034256473, 23.9226844092879, 30.2572916166344, 9.85480986802405, 
    1.429177, 9.71723659607873, NA, 12.3763373503349, 8.67873658180857, 
    4.9849004229306, NA, 23.0771917985091, NA, NA, NA, 29.9416507632499, 
    19.6578798479125, 16.3260341853447, 6.64104841664765, 9.01940703041313, 
    18.6299669511357, 10.9108293852268, 16.0781470607833, 23.3809215867676, 
    7.196304, 6.171336, NA, 29.27951, 9.20923002689902)), .Names = c("SUBJID", 
"CENTREID", "SEX", "trt", "PC90cubic", "PC90lin", "PC90loglin", 
"PC90logit"), row.names = c(NA, -43L), class = "data.frame")
