structure(list(SUBJID = structure(c(1L, 2L, 3L, 4L, 5L, 6L, 7L, 
8L, 9L, 10L, 11L, 12L, 13L, 14L, 15L, 16L, 17L, 18L, 19L, 20L, 
21L, 22L, 23L, 24L, 25L, 26L, 27L, 28L, 29L, 30L, 31L, 32L, 33L, 
34L, 35L, 36L, 37L, 38L, 39L, 40L, 41L, 42L, 43L, 1L, 2L, 3L, 
4L, 5L, 6L, 7L, 8L, 9L, 10L, 11L, 12L, 13L, 14L, 15L, 16L, 17L, 
18L, 19L, 20L, 21L, 22L, 23L, 24L, 25L, 26L, 27L, 28L, 29L, 30L, 
31L, 32L, 33L, 34L, 35L, 36L, 37L, 38L, 39L, 40L, 41L, 42L, 43L, 
1L, 2L, 3L, 4L, 5L, 6L, 7L, 8L, 9L, 10L, 11L, 12L, 13L, 14L, 
15L, 16L, 17L, 18L, 19L, 20L, 21L, 22L, 23L, 24L, 25L, 26L, 27L, 
28L, 29L, 30L, 31L, 32L, 33L, 34L, 35L, 36L, 37L, 38L, 39L, 40L, 
41L, 42L, 43L), .Label = c("54", "80", "96", "98", "101", "140", 
"150", "162", "176", "182", "183", "185", "187", "197", "203", 
"218", "224", "262", "264", "280", "285", "288", "294", "295", 
"449", "453", "462", "469", "477", "490", "500", "502", "504", 
"505", "509", "511", "519", "521", "523", "525", "526", "530", 
"532"), class = "factor"), CENTREID = structure(c(1L, 1L, 1L, 
1L, 1L, 1L, 1L, 1L, 1L, 1L, 1L, 1L, 1L, 1L, 1L, 1L, 1L, 1L, 1L, 
1L, 1L, 1L, 1L, 1L, 2L, 2L, 2L, 2L, 2L, 2L, 2L, 2L, 2L, 2L, 2L, 
2L, 2L, 2L, 2L, 2L, 2L, 2L, 2L, 1L, 1L, 1L, 1L, 1L, 1L, 1L, 1L, 
1L, 1L, 1L, 1L, 1L, 1L, 1L, 1L, 1L, 1L, 1L, 1L, 1L, 1L, 1L, 1L, 
2L, 2L, 2L, 2L, 2L, 2L, 2L, 2L, 2L, 2L, 2L, 2L, 2L, 2L, 2L, 2L, 
2L, 2L, 2L, 1L, 1L, 1L, 1L, 1L, 1L, 1L, 1L, 1L, 1L, 1L, 1L, 1L, 
1L, 1L, 1L, 1L, 1L, 1L, 1L, 1L, 1L, 1L, 1L, 2L, 2L, 2L, 2L, 2L, 
2L, 2L, 2L, 2L, 2L, 2L, 2L, 2L, 2L, 2L, 2L, 2L, 2L, 2L), .Label = c("Centre 1", 
"Centre 2"), class = "factor"), SEX = structure(c(1L, 1L, 2L, 
1L, 2L, 1L, 2L, 1L, 1L, 2L, 1L, 1L, 1L, 2L, 2L, 1L, 1L, 1L, 2L, 
2L, 2L, 2L, 1L, 1L, 1L, 2L, 2L, 1L, 2L, 2L, 1L, 2L, 2L, 2L, 1L, 
1L, 1L, 2L, 2L, 2L, 2L, 1L, 1L, 1L, 1L, 2L, 1L, 2L, 1L, 2L, 1L, 
1L, 2L, 1L, 1L, 1L, 2L, 2L, 1L, 1L, 1L, 2L, 2L, 2L, 2L, 1L, 1L, 
1L, 2L, 2L, 1L, 2L, 2L, 1L, 2L, 2L, 2L, 1L, 1L, 1L, 2L, 2L, 2L, 
2L, 1L, 1L, 1L, 1L, 2L, 1L, 2L, 1L, 2L, 1L, 1L, 2L, 1L, 1L, 1L, 
2L, 2L, 1L, 1L, 1L, 2L, 2L, 2L, 2L, 1L, 1L, 1L, 2L, 2L, 1L, 2L, 
2L, 1L, 2L, 2L, 2L, 1L, 1L, 1L, 2L, 2L, 2L, 2L, 1L, 1L), .Label = c("Male", 
"Female"), class = "factor"), trttxt = structure(c(1L, 1L, 1L, 
1L, 1L, 2L, 1L, 1L, 2L, 2L, 1L, 2L, 1L, 2L, 2L, 2L, 1L, 2L, 2L, 
2L, 1L, 2L, 2L, 1L, 1L, 1L, 1L, 1L, 1L, 1L, 2L, 2L, 1L, 2L, 1L, 
2L, 2L, 1L, 2L, 2L, 1L, 1L, 2L, 1L, 1L, 1L, 1L, 1L, 2L, 1L, 1L, 
2L, 2L, 1L, 2L, 1L, 2L, 2L, 2L, 1L, 2L, 2L, 2L, 1L, 2L, 2L, 1L, 
1L, 1L, 1L, 1L, 1L, 1L, 2L, 2L, 1L, 2L, 1L, 2L, 2L, 1L, 2L, 2L, 
1L, 1L, 2L, 1L, 1L, 1L, 1L, 1L, 2L, 1L, 1L, 2L, 2L, 1L, 2L, 1L, 
2L, 2L, 2L, 1L, 2L, 2L, 2L, 1L, 2L, 2L, 1L, 1L, 1L, 1L, 1L, 1L, 
1L, 2L, 2L, 1L, 2L, 1L, 2L, 2L, 1L, 2L, 2L, 1L, 1L, 2L), .Label = c("alone", 
"combi"), class = "factor"), method = structure(c(1L, 1L, 1L, 
1L, 1L, 1L, 1L, 1L, 1L, 1L, 1L, 1L, 1L, 1L, 1L, 1L, 1L, 1L, 1L, 
1L, 1L, 1L, 1L, 1L, 1L, 1L, 1L, 1L, 1L, 1L, 1L, 1L, 1L, 1L, 1L, 
1L, 1L, 1L, 1L, 1L, 1L, 1L, 1L, 2L, 2L, 2L, 2L, 2L, 2L, 2L, 2L, 
2L, 2L, 2L, 2L, 2L, 2L, 2L, 2L, 2L, 2L, 2L, 2L, 2L, 2L, 2L, 2L, 
2L, 2L, 2L, 2L, 2L, 2L, 2L, 2L, 2L, 2L, 2L, 2L, 2L, 2L, 2L, 2L, 
2L, 2L, 2L, 3L, 3L, 3L, 3L, 3L, 3L, 3L, 3L, 3L, 3L, 3L, 3L, 3L, 
3L, 3L, 3L, 3L, 3L, 3L, 3L, 3L, 3L, 3L, 3L, 3L, 3L, 3L, 3L, 3L, 
3L, 3L, 3L, 3L, 3L, 3L, 3L, 3L, 3L, 3L, 3L, 3L, 3L, 3L), .Label = c("cubic", 
"logistic", "loglin"), class = "factor"), PC90 = c(3.81553493471215, 
27.6184554185072, 21.1781545542792, 34.4982513648493, 23.2044225127988, 
9.46714893379245, 22.5239555567898, 10.5413542535017, 5.31573193192657, 
3.9778653259402, 4.54740430540893, 7.59135675829842, 1.8110689504536, 
8.37784687534583, 10.4773149572552, 23.4783412637162, 28.8615042683874, 
9.39527583995286, 0.369018169541731, 8.76410553150852, 47.7442528703853, 
12.8575932348298, 8.8597349667721, 5.02201430106533, 4.45490450789572, 
19.6586779536941, 2.11345601697430, 3.01242727014973, 24.0281136768707, 
28.7309506937718, 19.358450749057, 15.3328370749990, 5.0732328868037, 
8.2569371688548, 20.5894100517589, 9.9953294680023, 15.627147596947, 
22.1352635952659, 5.81968354847517, 6.15342121800291, 23.4782426805688, 
29.1029009514083, 9.15577756722876, 4.13707877104248, 28.5035788536811, 
22.9462486166623, 33.5050609465142, NA, 10.1557913849564, 23.1176307671392, 
NA, 5.65579554003191, 4.29328876709048, 17.2125078817081, 8.1320743462789, 
3.05311579996635, 8.35274467515819, 10.2954416547975, 23.9226896607914, 
30.2573027868363, 9.8548032741748, 1.42915431989823, 9.71720166946537, 
NA, 12.3763374371039, 8.67874006970813, 4.98490343155919, NA, 
23.0771874473891, NA, NA, NA, 29.9416428212943, 19.6578798034937, 
16.3260326263857, 6.64103951332063, 9.01940953327508, 18.6302169154075, 
10.9108245916433, 16.0781212982121, 23.3809170866629, 5.96962957881956, 
6.17133306515567, NA, 29.2795213516932, 9.2092103323918, 3.84947722622325, 
27.3243183597060, 19.7582819988934, 36.2993140001483, 22.4494808040535, 
9.46520320468888, 21.7492191163682, 8.83788589640224, 5.05214095877013, 
3.65080708538309, 4.34828216547474, 8.0951294511845, 1.53379071077082, 
8.39843989540649, 9.68899708126014, 22.7694659946150, 30.0082932456176, 
9.39986079724166, 0.848363933723143, 9.03634178787283, 46.5246072639256, 
9.38098359470778, 7.73155410866504, 4.83019308812758, 4.82244832634965, 
21.9674028340434, 2.49201653566288, 2.20633295350308, 25.0831286584963, 
31.631308436142, 17.1485798974181, 14.7744940457246, 5.00070341265039, 
8.74874230210595, 11.5898584814811, 9.51122372515468, 14.6816276758025, 
21.6425384805868, 5.83535094135976, 6.22546092130763, 24.4215456697901, 
28.0873668406185, 8.07884130305708), id = c(1L, 2L, 3L, 4L, 5L, 
6L, 7L, 8L, 9L, 10L, 11L, 12L, 13L, 14L, 15L, 16L, 17L, 18L, 
19L, 20L, 21L, 22L, 23L, 24L, 25L, 26L, 27L, 28L, 29L, 30L, 31L, 
32L, 33L, 34L, 35L, 36L, 37L, 38L, 39L, 40L, 41L, 42L, 43L, 1L, 
2L, 3L, 4L, 5L, 6L, 7L, 8L, 9L, 10L, 11L, 12L, 13L, 14L, 15L, 
16L, 17L, 18L, 19L, 20L, 21L, 22L, 23L, 24L, 25L, 26L, 27L, 28L, 
29L, 30L, 31L, 32L, 33L, 34L, 35L, 36L, 37L, 38L, 39L, 40L, 41L, 
42L, 43L, 1L, 2L, 3L, 4L, 5L, 6L, 7L, 8L, 9L, 10L, 11L, 12L, 
13L, 14L, 15L, 16L, 17L, 18L, 19L, 20L, 21L, 22L, 23L, 24L, 25L, 
26L, 27L, 28L, 29L, 30L, 31L, 32L, 33L, 34L, 35L, 36L, 37L, 38L, 
39L, 40L, 41L, 42L, 43L), outlier = c("", "", "", "", "", "", 
"", "", "", "", "183", "", "", "", "", "", "", "", "", "", "", 
"", "", "", "", "", "", "", "", "", "", "", "", "", "509", "", 
"", "", "", "", "", "", "", "", "", "", "", "", "", "", "", "", 
"", "183", "", "", "", "", "", "", "", "", "", "", "", "", "", 
"", "", "", "", "", "", "", "", "", "", "509", "", "", "", "", 
"", "", "", "", "", "", "", "", "", "", "", "", "", "", "183", 
"", "", "", "", "", "", "", "", "", "", "", "", "", "", "", "", 
"", "", "", "", "", "", "", "509", "", "", "", "", "", "", "", 
"")), .Names = c("SUBJID", "CENTREID", "SEX", "trttxt", "method", 
"PC90", "id", "outlier"),